1.555000000000000071e+01 2.864999999999999858e+01
1.490000000000000036e+01 2.755000000000000071e+01
1.444999999999999929e+01 2.835000000000000142e+01
1.415000000000000036e+01 2.880000000000000071e+01
1.375000000000000000e+01 2.805000000000000071e+01
1.334999999999999964e+01 2.844999999999999929e+01
1.300000000000000000e+01 2.914999999999999858e+01
1.344999999999999929e+01 2.750000000000000000e+01
1.359999999999999964e+01 2.650000000000000000e+01
1.280000000000000071e+01 2.735000000000000142e+01
1.240000000000000036e+01 2.785000000000000142e+01
1.230000000000000071e+01 2.839999999999999858e+01
1.219999999999999929e+01 2.864999999999999858e+01
1.340000000000000036e+01 2.510000000000000142e+01
1.294999999999999929e+01 2.594999999999999929e+01
1.290000000000000036e+01 2.650000000000000000e+01
1.184999999999999964e+01 2.700000000000000000e+01
1.134999999999999964e+01 2.800000000000000000e+01
1.115000000000000036e+01 2.869999999999999929e+01
1.125000000000000000e+01 2.739999999999999858e+01
1.075000000000000000e+01 2.769999999999999929e+01
1.050000000000000000e+01 2.835000000000000142e+01
9.650000000000000355e+00 2.844999999999999929e+01
1.025000000000000000e+01 2.725000000000000000e+01
1.075000000000000000e+01 2.655000000000000071e+01
1.169999999999999929e+01 2.635000000000000142e+01
1.159999999999999964e+01 2.589999999999999858e+01
1.190000000000000036e+01 2.505000000000000071e+01
1.259999999999999964e+01 2.405000000000000071e+01
1.190000000000000036e+01 2.450000000000000000e+01
1.109999999999999964e+01 2.519999999999999929e+01
1.055000000000000071e+01 2.514999999999999858e+01
1.005000000000000071e+01 2.594999999999999929e+01
9.349999999999999645e+00 2.660000000000000142e+01
9.300000000000000711e+00 2.725000000000000000e+01
9.199999999999999289e+00 2.780000000000000071e+01
7.500000000000000000e+00 2.825000000000000000e+01
8.550000000000000711e+00 2.744999999999999929e+01
8.500000000000000000e+00 2.705000000000000071e+01
8.050000000000000711e+00 2.719999999999999929e+01
7.849999999999999645e+00 2.680000000000000071e+01
7.299999999999999822e+00 2.739999999999999858e+01
6.799999999999999822e+00 2.685000000000000142e+01
7.000000000000000000e+00 2.650000000000000000e+01
7.549999999999999822e+00 2.630000000000000071e+01
8.550000000000000711e+00 2.630000000000000071e+01
9.000000000000000000e+00 2.585000000000000142e+01
8.599999999999999645e+00 2.564999999999999858e+01
9.400000000000000355e+00 2.555000000000000071e+01
8.449999999999999289e+00 2.505000000000000071e+01
8.849999999999999645e+00 2.460000000000000142e+01
9.650000000000000355e+00 2.469999999999999929e+01
1.055000000000000071e+01 2.435000000000000142e+01
1.105000000000000071e+01 2.389999999999999858e+01
1.055000000000000071e+01 2.355000000000000071e+01
9.449999999999999289e+00 2.335000000000000142e+01
9.199999999999999289e+00 2.389999999999999858e+01
8.349999999999999645e+00 2.389999999999999858e+01
7.349999999999999645e+00 2.475000000000000000e+01
7.400000000000000355e+00 2.544999999999999929e+01
6.599999999999999645e+00 2.575000000000000000e+01
6.099999999999999645e+00 2.600000000000000000e+01
5.799999999999999822e+00 2.694999999999999929e+01
5.650000000000000355e+00 2.580000000000000071e+01
5.299999999999999822e+00 2.610000000000000142e+01
6.400000000000000355e+00 2.539999999999999858e+01
5.400000000000000355e+00 2.525000000000000000e+01
5.349999999999999645e+00 2.469999999999999929e+01
4.799999999999999822e+00 2.505000000000000071e+01
4.200000000000000178e+00 2.555000000000000071e+01
6.400000000000000355e+00 2.480000000000000071e+01
6.549999999999999822e+00 2.430000000000000071e+01
7.400000000000000355e+00 2.425000000000000000e+01
5.450000000000000178e+00 2.419999999999999929e+01
4.299999999999999822e+00 2.400000000000000000e+01
4.000000000000000000e+00 2.425000000000000000e+01
3.350000000000000089e+00 2.330000000000000071e+01
4.849999999999999645e+00 2.305000000000000071e+01
4.299999999999999822e+00 2.275000000000000000e+01
5.849999999999999645e+00 2.339999999999999858e+01
5.900000000000000355e+00 2.355000000000000071e+01
7.549999999999999822e+00 2.369999999999999929e+01
6.849999999999999645e+00 2.325000000000000000e+01
7.650000000000000355e+00 2.310000000000000142e+01
6.950000000000000178e+00 2.255000000000000071e+01
6.099999999999999645e+00 2.260000000000000142e+01
5.500000000000000000e+00 2.260000000000000142e+01
4.700000000000000178e+00 2.210000000000000142e+01
3.799999999999999822e+00 2.185000000000000142e+01
4.650000000000000355e+00 2.119999999999999929e+01
4.150000000000000355e+00 2.035000000000000142e+01
5.299999999999999822e+00 2.039999999999999858e+01
5.599999999999999645e+00 2.075000000000000000e+01
5.799999999999999822e+00 2.194999999999999929e+01
6.400000000000000355e+00 2.194999999999999929e+01
6.549999999999999822e+00 2.114999999999999858e+01
7.450000000000000178e+00 2.194999999999999929e+01
7.400000000000000355e+00 2.155000000000000071e+01
7.750000000000000000e+00 2.119999999999999929e+01
7.650000000000000355e+00 2.064999999999999858e+01
6.950000000000000178e+00 1.980000000000000071e+01
6.599999999999999645e+00 2.010000000000000142e+01
6.049999999999999822e+00 2.019999999999999929e+01
5.400000000000000355e+00 1.964999999999999858e+01
5.349999999999999645e+00 1.905000000000000071e+01
5.799999999999999822e+00 1.825000000000000000e+01
6.299999999999999822e+00 1.910000000000000142e+01
7.000000000000000000e+00 1.889999999999999858e+01
7.150000000000000355e+00 1.789999999999999858e+01
7.349999999999999645e+00 1.819999999999999929e+01
8.199999999999999289e+00 2.005000000000000071e+01
8.300000000000000711e+00 1.944999999999999929e+01
8.300000000000000711e+00 1.850000000000000000e+01
8.750000000000000000e+00 1.880000000000000071e+01
9.050000000000000711e+00 1.819999999999999929e+01
9.349999999999999645e+00 1.769999999999999929e+01
8.900000000000000355e+00 1.764999999999999858e+01
8.449999999999999289e+00 1.719999999999999929e+01
1.005000000000000071e+01 1.719999999999999929e+01
1.040000000000000036e+01 1.675000000000000000e+01
8.599999999999999645e+00 2.089999999999999858e+01
8.650000000000000355e+00 2.130000000000000071e+01
8.650000000000000355e+00 2.189999999999999858e+01
8.650000000000000355e+00 2.250000000000000000e+01
8.949999999999999289e+00 2.280000000000000071e+01
9.949999999999999289e+00 2.264999999999999858e+01
8.949999999999999289e+00 2.219999999999999929e+01
9.650000000000000355e+00 2.189999999999999858e+01
1.055000000000000071e+01 2.230000000000000071e+01
1.090000000000000036e+01 2.285000000000000142e+01
1.134999999999999964e+01 2.344999999999999929e+01
1.205000000000000071e+01 2.339999999999999858e+01
1.230000000000000071e+01 2.275000000000000000e+01
1.169999999999999929e+01 2.214999999999999858e+01
1.115000000000000036e+01 2.205000000000000071e+01
1.084999999999999964e+01 2.150000000000000000e+01
1.084999999999999964e+01 2.105000000000000071e+01
9.599999999999999645e+00 2.130000000000000071e+01
9.849999999999999645e+00 2.069999999999999929e+01
9.349999999999999645e+00 2.060000000000000142e+01
9.250000000000000000e+00 1.964999999999999858e+01
9.949999999999999289e+00 1.980000000000000071e+01
1.069999999999999929e+01 2.035000000000000142e+01
1.130000000000000071e+01 2.069999999999999929e+01
1.234999999999999964e+01 2.160000000000000142e+01
1.309999999999999964e+01 2.130000000000000071e+01
1.284999999999999964e+01 2.075000000000000000e+01
1.200000000000000000e+01 2.000000000000000000e+01
1.100000000000000000e+01 1.985000000000000142e+01
1.034999999999999964e+01 1.900000000000000000e+01
9.900000000000000355e+00 1.864999999999999858e+01
1.059999999999999964e+01 1.814999999999999858e+01
1.140000000000000036e+01 1.830000000000000071e+01
1.140000000000000036e+01 1.925000000000000000e+01
1.234999999999999964e+01 1.880000000000000071e+01
1.280000000000000071e+01 1.975000000000000000e+01
1.215000000000000036e+01 1.810000000000000142e+01
1.105000000000000071e+01 1.750000000000000000e+01
1.194999999999999929e+01 1.725000000000000000e+01
1.225000000000000000e+01 1.750000000000000000e+01
1.305000000000000071e+01 1.739999999999999858e+01
1.375000000000000000e+01 1.814999999999999858e+01
1.350000000000000000e+01 1.864999999999999858e+01
1.365000000000000036e+01 1.925000000000000000e+01
1.400000000000000000e+01 1.989999999999999858e+01
1.519999999999999929e+01 1.819999999999999929e+01
1.550000000000000000e+01 1.714999999999999858e+01
1.390000000000000036e+01 1.710000000000000142e+01
1.375000000000000000e+01 1.660000000000000142e+01
1.215000000000000036e+01 1.639999999999999858e+01
7.799999999999999822e+00 1.369999999999999929e+01
8.849999999999999645e+00 1.334999999999999964e+01
9.000000000000000000e+00 1.269999999999999929e+01
9.699999999999999289e+00 1.209999999999999964e+01
8.050000000000000711e+00 1.290000000000000036e+01
7.700000000000000178e+00 1.325000000000000000e+01
6.799999999999999822e+00 1.319999999999999929e+01
6.599999999999999645e+00 1.344999999999999929e+01
6.200000000000000178e+00 1.255000000000000071e+01
5.400000000000000355e+00 1.284999999999999964e+01
5.700000000000000178e+00 1.225000000000000000e+01
5.200000000000000178e+00 1.190000000000000036e+01
5.150000000000000355e+00 1.134999999999999964e+01
5.849999999999999645e+00 1.119999999999999929e+01
6.099999999999999645e+00 1.175000000000000000e+01
7.000000000000000000e+00 1.234999999999999964e+01
7.049999999999999822e+00 1.244999999999999929e+01
7.900000000000000355e+00 1.250000000000000000e+01
8.550000000000000711e+00 1.209999999999999964e+01
7.849999999999999645e+00 1.184999999999999964e+01
7.099999999999999645e+00 1.194999999999999929e+01
6.900000000000000355e+00 1.150000000000000000e+01
6.849999999999999645e+00 1.090000000000000036e+01
6.400000000000000355e+00 1.069999999999999929e+01
5.900000000000000355e+00 1.030000000000000071e+01
6.400000000000000355e+00 1.025000000000000000e+01
7.049999999999999822e+00 1.005000000000000071e+01
7.349999999999999645e+00 1.050000000000000000e+01
7.650000000000000355e+00 1.109999999999999964e+01
8.099999999999999645e+00 1.119999999999999929e+01
8.800000000000000711e+00 1.140000000000000036e+01
8.300000000000000711e+00 1.055000000000000071e+01
9.000000000000000000e+00 1.090000000000000036e+01
9.349999999999999645e+00 1.050000000000000000e+01
1.015000000000000036e+01 1.100000000000000000e+01
1.040000000000000036e+01 1.055000000000000071e+01
1.090000000000000036e+01 1.000000000000000000e+01
1.155000000000000071e+01 1.019999999999999929e+01
1.175000000000000000e+01 1.084999999999999964e+01
1.009999999999999964e+01 8.650000000000000355e+00
1.105000000000000071e+01 9.099999999999999645e+00
1.184999999999999964e+01 9.800000000000000711e+00
1.284999999999999964e+01 1.065000000000000036e+01
1.290000000000000036e+01 1.169999999999999929e+01
1.359999999999999964e+01 1.109999999999999964e+01
1.405000000000000071e+01 1.175000000000000000e+01
1.450000000000000000e+01 1.180000000000000071e+01
1.430000000000000071e+01 1.244999999999999929e+01
1.700000000000000000e+01 1.290000000000000036e+01
1.580000000000000071e+01 1.259999999999999964e+01
1.584999999999999964e+01 1.200000000000000000e+01
1.669999999999999929e+01 1.219999999999999929e+01
1.625000000000000000e+01 1.169999999999999929e+01
1.555000000000000071e+01 1.115000000000000036e+01
1.480000000000000071e+01 1.134999999999999964e+01
1.444999999999999929e+01 1.075000000000000000e+01
1.375000000000000000e+01 1.044999999999999929e+01
1.280000000000000071e+01 1.009999999999999964e+01
1.315000000000000036e+01 9.800000000000000711e+00
1.244999999999999929e+01 9.300000000000000711e+00
1.180000000000000071e+01 8.949999999999999289e+00
1.109999999999999964e+01 8.449999999999999289e+00
1.034999999999999964e+01 7.700000000000000178e+00
1.009999999999999964e+01 6.750000000000000000e+00
1.130000000000000071e+01 7.950000000000000178e+00
1.234999999999999964e+01 8.449999999999999289e+00
1.309999999999999964e+01 8.949999999999999289e+00
1.319999999999999929e+01 9.349999999999999645e+00
1.409999999999999964e+01 1.005000000000000071e+01
1.150000000000000000e+01 7.500000000000000000e+00
1.134999999999999964e+01 6.900000000000000355e+00
1.194999999999999929e+01 6.750000000000000000e+00
1.240000000000000036e+01 7.099999999999999645e+00
1.225000000000000000e+01 7.599999999999999645e+00
1.294999999999999929e+01 7.599999999999999645e+00
1.344999999999999929e+01 7.950000000000000178e+00
1.334999999999999964e+01 8.250000000000000000e+00
1.375000000000000000e+01 9.000000000000000000e+00
1.430000000000000071e+01 9.300000000000000711e+00
1.484999999999999964e+01 9.550000000000000711e+00
1.509999999999999964e+01 1.025000000000000000e+01
1.544999999999999929e+01 1.055000000000000071e+01
1.635000000000000142e+01 1.084999999999999964e+01
1.675000000000000000e+01 1.150000000000000000e+01
1.625000000000000000e+01 1.019999999999999929e+01
1.540000000000000036e+01 1.009999999999999964e+01
1.544999999999999929e+01 9.699999999999999289e+00
1.515000000000000036e+01 9.300000000000000711e+00
1.525000000000000000e+01 8.650000000000000355e+00
1.555000000000000071e+01 8.199999999999999289e+00
1.425000000000000000e+01 8.699999999999999289e+00
1.425000000000000000e+01 8.250000000000000000e+00
1.505000000000000071e+01 7.799999999999999822e+00
1.430000000000000071e+01 7.500000000000000000e+00
1.355000000000000071e+01 7.450000000000000178e+00
1.430000000000000071e+01 6.950000000000000178e+00
1.394999999999999929e+01 6.700000000000000178e+00
1.305000000000000071e+01 6.950000000000000178e+00
1.305000000000000071e+01 6.200000000000000178e+00
1.155000000000000071e+01 6.299999999999999822e+00
1.080000000000000071e+01 5.849999999999999645e+00
1.059999999999999964e+01 5.049999999999999822e+00
1.134999999999999964e+01 5.549999999999999822e+00
1.215000000000000036e+01 5.400000000000000355e+00
1.240000000000000036e+01 5.799999999999999822e+00
1.280000000000000071e+01 5.700000000000000178e+00
1.365000000000000036e+01 5.900000000000000355e+00
1.390000000000000036e+01 5.299999999999999822e+00
1.309999999999999964e+01 5.099999999999999645e+00
1.255000000000000071e+01 4.900000000000000355e+00
1.150000000000000000e+01 4.750000000000000000e+00
1.134999999999999964e+01 4.049999999999999822e+00
1.240000000000000036e+01 4.349999999999999645e+00
1.175000000000000000e+01 3.450000000000000178e+00
1.265000000000000036e+01 3.700000000000000178e+00
1.340000000000000036e+01 4.349999999999999645e+00
1.390000000000000036e+01 4.950000000000000178e+00
1.275000000000000000e+01 3.000000000000000000e+00
1.355000000000000071e+01 3.149999999999999911e+00
1.369999999999999929e+01 3.649999999999999911e+00
1.409999999999999964e+01 4.099999999999999645e+00
1.465000000000000036e+01 5.049999999999999822e+00
1.434999999999999964e+01 5.750000000000000000e+00
1.450000000000000000e+01 6.549999999999999822e+00
1.515000000000000036e+01 7.099999999999999645e+00
1.359999999999999964e+01 2.549999999999999822e+00
1.444999999999999929e+01 2.399999999999999911e+00
1.459999999999999964e+01 3.049999999999999822e+00
1.500000000000000000e+01 3.399999999999999911e+00
1.525000000000000000e+01 3.500000000000000000e+00
1.469999999999999929e+01 4.099999999999999645e+00
1.469999999999999929e+01 4.500000000000000000e+00
1.525000000000000000e+01 2.700000000000000178e+00
1.565000000000000036e+01 2.049999999999999822e+00
1.594999999999999929e+01 2.799999999999999822e+00
1.610000000000000142e+01 3.549999999999999822e+00
1.590000000000000036e+01 4.000000000000000000e+00
1.559999999999999964e+01 4.750000000000000000e+00
1.555000000000000071e+01 5.049999999999999822e+00
1.534999999999999964e+01 5.500000000000000000e+00
1.515000000000000036e+01 5.950000000000000178e+00
1.550000000000000000e+01 6.750000000000000000e+00
1.569999999999999929e+01 6.349999999999999645e+00
1.619999999999999929e+01 5.900000000000000355e+00
1.635000000000000142e+01 5.349999999999999645e+00
1.619999999999999929e+01 4.549999999999999822e+00
1.655000000000000071e+01 4.200000000000000178e+00
1.694999999999999929e+01 4.750000000000000000e+00
1.705000000000000071e+01 5.099999999999999645e+00
1.730000000000000071e+01 4.799999999999999822e+00
1.730000000000000071e+01 4.150000000000000355e+00
1.760000000000000142e+01 4.299999999999999822e+00
1.705000000000000071e+01 3.700000000000000178e+00
1.725000000000000000e+01 3.049999999999999822e+00
1.664999999999999858e+01 2.799999999999999822e+00
1.655000000000000071e+01 2.149999999999999911e+00
1.719999999999999929e+01 2.049999999999999822e+00
1.814999999999999858e+01 1.949999999999999956e+00
1.805000000000000071e+01 2.450000000000000178e+00
1.814999999999999858e+01 3.049999999999999822e+00
1.860000000000000142e+01 3.450000000000000178e+00
1.839999999999999858e+01 3.600000000000000089e+00
1.885000000000000142e+01 3.200000000000000178e+00
1.910000000000000142e+01 2.649999999999999911e+00
1.944999999999999929e+01 2.649999999999999911e+00
1.900000000000000000e+01 2.100000000000000089e+00
1.989999999999999858e+01 2.049999999999999822e+00
2.044999999999999929e+01 2.799999999999999822e+00
1.980000000000000071e+01 3.250000000000000000e+00
1.944999999999999929e+01 3.899999999999999911e+00
1.864999999999999858e+01 4.200000000000000178e+00
1.839999999999999858e+01 4.599999999999999645e+00
1.864999999999999858e+01 4.750000000000000000e+00
1.875000000000000000e+01 5.150000000000000355e+00
1.910000000000000142e+01 4.549999999999999822e+00
1.789999999999999858e+01 5.400000000000000355e+00
1.764999999999999858e+01 5.700000000000000178e+00
1.705000000000000071e+01 6.049999999999999822e+00
1.739999999999999858e+01 6.500000000000000000e+00
1.660000000000000142e+01 6.849999999999999645e+00
1.569999999999999929e+01 7.150000000000000355e+00
1.575000000000000000e+01 7.750000000000000000e+00
1.660000000000000142e+01 7.950000000000000178e+00
2.039999999999999858e+01 3.399999999999999911e+00
2.069999999999999929e+01 3.450000000000000178e+00
2.114999999999999858e+01 2.850000000000000089e+00
2.175000000000000000e+01 2.649999999999999911e+00
2.200000000000000000e+01 3.250000000000000000e+00
2.219999999999999929e+01 3.500000000000000000e+00
2.144999999999999929e+01 3.750000000000000000e+00
2.110000000000000142e+01 4.049999999999999822e+00
2.014999999999999858e+01 4.299999999999999822e+00
2.080000000000000071e+01 4.700000000000000178e+00
2.069999999999999929e+01 5.150000000000000355e+00
1.975000000000000000e+01 5.049999999999999822e+00
1.985000000000000142e+01 5.500000000000000000e+00
2.039999999999999858e+01 5.650000000000000355e+00
2.055000000000000071e+01 5.750000000000000000e+00
1.869999999999999929e+01 5.750000000000000000e+00
1.925000000000000000e+01 5.950000000000000178e+00
1.839999999999999858e+01 6.000000000000000000e+00
1.844999999999999929e+01 6.599999999999999645e+00
1.764999999999999858e+01 7.049999999999999822e+00
1.669999999999999929e+01 7.400000000000000355e+00
1.864999999999999858e+01 7.299999999999999822e+00
1.805000000000000071e+01 7.349999999999999645e+00
1.785000000000000142e+01 7.750000000000000000e+00
1.750000000000000000e+01 8.250000000000000000e+00
1.714999999999999858e+01 8.599999999999999645e+00
1.705000000000000071e+01 9.000000000000000000e+00
1.639999999999999858e+01 8.699999999999999289e+00
1.605000000000000071e+01 8.949999999999999289e+00
1.605000000000000071e+01 9.599999999999999645e+00
1.650000000000000000e+01 9.750000000000000000e+00
1.725000000000000000e+01 9.599999999999999645e+00
1.760000000000000142e+01 9.900000000000000355e+00
1.780000000000000071e+01 9.300000000000000711e+00
1.800000000000000000e+01 8.550000000000000711e+00
1.880000000000000071e+01 8.099999999999999645e+00
1.880000000000000071e+01 8.349999999999999645e+00
1.939999999999999858e+01 7.599999999999999645e+00
1.925000000000000000e+01 6.599999999999999645e+00
2.005000000000000071e+01 6.950000000000000178e+00
1.980000000000000071e+01 7.500000000000000000e+00
2.005000000000000071e+01 6.349999999999999645e+00
2.114999999999999858e+01 5.700000000000000178e+00
2.164999999999999858e+01 4.849999999999999645e+00
2.214999999999999858e+01 4.349999999999999645e+00
2.305000000000000071e+01 3.350000000000000089e+00
2.305000000000000071e+01 3.799999999999999822e+00
2.314999999999999858e+01 4.400000000000000355e+00
2.250000000000000000e+01 4.750000000000000000e+00
2.214999999999999858e+01 5.200000000000000178e+00
2.414999999999999858e+01 4.549999999999999822e+00
2.350000000000000000e+01 5.049999999999999822e+00
2.310000000000000142e+01 5.299999999999999822e+00
2.300000000000000000e+01 5.750000000000000000e+00
2.219999999999999929e+01 5.750000000000000000e+00
2.185000000000000142e+01 6.200000000000000178e+00
2.075000000000000000e+01 6.549999999999999822e+00
2.100000000000000000e+01 7.150000000000000355e+00
2.075000000000000000e+01 7.650000000000000355e+00
2.000000000000000000e+01 8.199999999999999289e+00
1.950000000000000000e+01 8.650000000000000355e+00
1.885000000000000142e+01 9.050000000000000711e+00
1.875000000000000000e+01 9.550000000000000711e+00
1.860000000000000142e+01 1.000000000000000000e+01
1.694999999999999929e+01 1.034999999999999964e+01
1.735000000000000142e+01 1.084999999999999964e+01
1.800000000000000000e+01 1.065000000000000036e+01
1.850000000000000000e+01 1.055000000000000071e+01
1.810000000000000142e+01 1.109999999999999964e+01
1.755000000000000071e+01 1.130000000000000071e+01
1.794999999999999929e+01 1.190000000000000036e+01
1.830000000000000071e+01 1.200000000000000000e+01
1.800000000000000000e+01 1.250000000000000000e+01
1.900000000000000000e+01 1.165000000000000036e+01
1.950000000000000000e+01 1.105000000000000071e+01
1.944999999999999929e+01 1.055000000000000071e+01
1.939999999999999858e+01 9.650000000000000355e+00
2.010000000000000142e+01 9.400000000000000355e+00
2.005000000000000071e+01 9.949999999999999289e+00
2.005000000000000071e+01 1.019999999999999929e+01
1.935000000000000142e+01 1.219999999999999929e+01
1.919999999999999929e+01 1.225000000000000000e+01
2.005000000000000071e+01 1.159999999999999964e+01
2.060000000000000142e+01 1.115000000000000036e+01
2.069999999999999929e+01 1.065000000000000036e+01
2.130000000000000071e+01 1.165000000000000036e+01
2.180000000000000071e+01 1.115000000000000036e+01
2.185000000000000142e+01 1.069999999999999929e+01
2.164999999999999858e+01 1.005000000000000071e+01
2.094999999999999929e+01 1.019999999999999929e+01
2.089999999999999858e+01 9.699999999999999289e+00
2.164999999999999858e+01 9.449999999999999289e+00
2.119999999999999929e+01 9.250000000000000000e+00
2.075000000000000000e+01 8.750000000000000000e+00
2.055000000000000071e+01 8.750000000000000000e+00
2.110000000000000142e+01 8.000000000000000000e+00
2.164999999999999858e+01 8.650000000000000355e+00
2.175000000000000000e+01 8.199999999999999289e+00
2.194999999999999929e+01 7.549999999999999822e+00
2.200000000000000000e+01 6.750000000000000000e+00
2.280000000000000071e+01 6.450000000000000178e+00
2.264999999999999858e+01 6.650000000000000355e+00
2.275000000000000000e+01 7.049999999999999822e+00
2.300000000000000000e+01 7.349999999999999645e+00
2.255000000000000071e+01 7.900000000000000355e+00
2.219999999999999929e+01 8.699999999999999289e+00
2.289999999999999858e+01 8.449999999999999289e+00
2.235000000000000142e+01 9.199999999999999289e+00
2.275000000000000000e+01 9.349999999999999645e+00
2.239999999999999858e+01 1.005000000000000071e+01
2.305000000000000071e+01 1.090000000000000036e+01
2.330000000000000071e+01 9.849999999999999645e+00
2.394999999999999929e+01 9.800000000000000711e+00
2.364999999999999858e+01 9.099999999999999645e+00
2.369999999999999929e+01 8.849999999999999645e+00
2.425000000000000000e+01 8.250000000000000000e+00
2.485000000000000142e+01 7.950000000000000178e+00
2.350000000000000000e+01 7.849999999999999645e+00
2.385000000000000142e+01 7.349999999999999645e+00
2.394999999999999929e+01 6.900000000000000355e+00
2.364999999999999858e+01 6.500000000000000000e+00
2.360000000000000142e+01 5.700000000000000178e+00
2.430000000000000071e+01 5.650000000000000355e+00
2.480000000000000071e+01 6.400000000000000355e+00
3.404999999999999716e+01 3.500000000000000000e+00
3.304999999999999716e+01 3.850000000000000089e+00
3.200000000000000000e+01 3.799999999999999822e+00
3.189999999999999858e+01 4.400000000000000355e+00
3.105000000000000071e+01 4.750000000000000000e+00
3.039999999999999858e+01 5.650000000000000355e+00
3.075000000000000000e+01 6.099999999999999645e+00
3.000000000000000000e+01 6.700000000000000178e+00
3.010000000000000142e+01 7.400000000000000355e+00
2.950000000000000000e+01 8.150000000000000355e+00
3.075000000000000000e+01 8.000000000000000000e+00
3.085000000000000142e+01 7.349999999999999645e+00
3.150000000000000000e+01 6.750000000000000000e+00
3.175000000000000000e+01 5.950000000000000178e+00
3.235000000000000142e+01 6.450000000000000178e+00
3.279999999999999716e+01 6.000000000000000000e+00
3.204999999999999716e+01 5.099999999999999645e+00
3.279999999999999716e+01 4.799999999999999822e+00
3.264999999999999858e+01 4.400000000000000355e+00
3.364999999999999858e+01 4.599999999999999645e+00
3.304999999999999716e+01 5.150000000000000355e+00
3.360000000000000142e+01 5.450000000000000178e+00
3.450000000000000000e+01 5.049999999999999822e+00
3.489999999999999858e+01 4.650000000000000355e+00
3.545000000000000284e+01 4.099999999999999645e+00
3.460000000000000142e+01 4.049999999999999822e+00
3.420000000000000284e+01 4.200000000000000178e+00
3.629999999999999716e+01 5.200000000000000178e+00
3.554999999999999716e+01 5.349999999999999645e+00
3.595000000000000284e+01 6.049999999999999822e+00
3.479999999999999716e+01 5.849999999999999645e+00
3.370000000000000284e+01 6.150000000000000355e+00
3.395000000000000284e+01 6.599999999999999645e+00
3.370000000000000284e+01 7.049999999999999822e+00
3.275000000000000000e+01 7.099999999999999645e+00
3.229999999999999716e+01 7.650000000000000355e+00
3.300000000000000000e+01 7.900000000000000355e+00
3.194999999999999929e+01 8.150000000000000355e+00
3.114999999999999858e+01 8.650000000000000355e+00
3.035000000000000142e+01 8.849999999999999645e+00
2.985000000000000142e+01 9.000000000000000000e+00
3.069999999999999929e+01 9.150000000000000355e+00
2.969999999999999929e+01 9.900000000000000355e+00
3.044999999999999929e+01 9.949999999999999289e+00
3.094999999999999929e+01 9.849999999999999645e+00
3.180000000000000071e+01 9.449999999999999289e+00
3.245000000000000284e+01 8.800000000000000711e+00
3.354999999999999716e+01 8.599999999999999645e+00
3.435000000000000142e+01 7.700000000000000178e+00
3.470000000000000284e+01 8.000000000000000000e+00
3.460000000000000142e+01 7.250000000000000000e+00
3.500000000000000000e+01 6.799999999999999822e+00
3.550000000000000000e+01 7.349999999999999645e+00
3.610000000000000142e+01 7.500000000000000000e+00
3.654999999999999716e+01 7.000000000000000000e+00
3.600000000000000000e+01 8.199999999999999289e+00
3.535000000000000142e+01 8.050000000000000711e+00
3.654999999999999716e+01 8.650000000000000355e+00
3.639999999999999858e+01 9.099999999999999645e+00
3.550000000000000000e+01 9.099999999999999645e+00
3.454999999999999716e+01 8.849999999999999645e+00
3.525000000000000000e+01 9.400000000000000355e+00
3.439999999999999858e+01 9.500000000000000000e+00
3.350000000000000000e+01 9.300000000000000711e+00
3.385000000000000142e+01 9.800000000000000711e+00
3.250000000000000000e+01 9.650000000000000355e+00
3.229999999999999716e+01 1.025000000000000000e+01
3.329999999999999716e+01 1.030000000000000071e+01
3.160000000000000142e+01 1.050000000000000000e+01
3.060000000000000142e+01 1.050000000000000000e+01
3.039999999999999858e+01 1.109999999999999964e+01
3.089999999999999858e+01 1.144999999999999929e+01
3.069999999999999929e+01 1.165000000000000036e+01
3.039999999999999858e+01 1.205000000000000071e+01
3.119999999999999929e+01 1.200000000000000000e+01
3.194999999999999929e+01 1.134999999999999964e+01
3.164999999999999858e+01 1.105000000000000071e+01
3.295000000000000284e+01 1.115000000000000036e+01
3.264999999999999858e+01 1.169999999999999929e+01
3.225000000000000000e+01 1.225000000000000000e+01
3.204999999999999716e+01 1.225000000000000000e+01
3.130000000000000071e+01 1.269999999999999929e+01
3.194999999999999929e+01 1.294999999999999929e+01
3.275000000000000000e+01 1.309999999999999964e+01
3.314999999999999858e+01 1.319999999999999929e+01
3.310000000000000142e+01 1.275000000000000000e+01
3.314999999999999858e+01 1.209999999999999964e+01
3.429999999999999716e+01 1.175000000000000000e+01
3.400000000000000000e+01 1.084999999999999964e+01
3.464999999999999858e+01 1.100000000000000000e+01
3.479999999999999716e+01 1.009999999999999964e+01
3.564999999999999858e+01 9.849999999999999645e+00
3.635000000000000142e+01 1.000000000000000000e+01
3.554999999999999716e+01 1.075000000000000000e+01
3.579999999999999716e+01 1.155000000000000071e+01
3.520000000000000284e+01 1.175000000000000000e+01
3.470000000000000284e+01 1.175000000000000000e+01
3.495000000000000284e+01 1.275000000000000000e+01
3.404999999999999716e+01 1.255000000000000071e+01
3.404999999999999716e+01 1.305000000000000071e+01
3.325000000000000000e+01 1.369999999999999929e+01
3.320000000000000284e+01 1.415000000000000036e+01
3.325000000000000000e+01 1.469999999999999929e+01
3.300000000000000000e+01 1.515000000000000036e+01
3.295000000000000284e+01 1.565000000000000036e+01
3.260000000000000142e+01 1.614999999999999858e+01
3.245000000000000284e+01 1.675000000000000000e+01
3.264999999999999858e+01 1.705000000000000071e+01
3.275000000000000000e+01 1.730000000000000071e+01
3.175000000000000000e+01 1.719999999999999929e+01
3.169999999999999929e+01 1.764999999999999858e+01
3.100000000000000000e+01 1.750000000000000000e+01
3.114999999999999858e+01 1.789999999999999858e+01
3.044999999999999929e+01 1.805000000000000071e+01
3.005000000000000071e+01 1.880000000000000071e+01
3.055000000000000071e+01 1.880000000000000071e+01
3.050000000000000000e+01 1.930000000000000071e+01
3.025000000000000000e+01 1.939999999999999858e+01
2.960000000000000142e+01 1.985000000000000142e+01
2.914999999999999858e+01 2.055000000000000071e+01
3.025000000000000000e+01 2.044999999999999929e+01
3.069999999999999929e+01 2.005000000000000071e+01
3.100000000000000000e+01 1.989999999999999858e+01
3.155000000000000071e+01 1.964999999999999858e+01
3.150000000000000000e+01 1.855000000000000071e+01
3.204999999999999716e+01 1.860000000000000142e+01
3.194999999999999929e+01 1.910000000000000142e+01
3.260000000000000142e+01 1.835000000000000142e+01
3.285000000000000142e+01 1.794999999999999929e+01
3.345000000000000284e+01 1.744999999999999929e+01
3.370000000000000284e+01 1.700000000000000000e+01
3.425000000000000000e+01 1.735000000000000142e+01
3.429999999999999716e+01 1.805000000000000071e+01
3.385000000000000142e+01 1.839999999999999858e+01
3.304999999999999716e+01 1.885000000000000142e+01
3.325000000000000000e+01 1.894999999999999929e+01
3.279999999999999716e+01 1.914999999999999858e+01
3.229999999999999716e+01 1.985000000000000142e+01
3.279999999999999716e+01 2.000000000000000000e+01
3.175000000000000000e+01 2.025000000000000000e+01
3.175000000000000000e+01 2.075000000000000000e+01
3.210000000000000142e+01 2.114999999999999858e+01
3.155000000000000071e+01 2.160000000000000142e+01
3.064999999999999858e+01 2.130000000000000071e+01
2.994999999999999929e+01 2.160000000000000142e+01
2.950000000000000000e+01 2.160000000000000142e+01
3.035000000000000142e+01 2.205000000000000071e+01
3.105000000000000071e+01 2.200000000000000000e+01
3.155000000000000071e+01 2.219999999999999929e+01
3.094999999999999929e+01 2.264999999999999858e+01
3.030000000000000071e+01 2.310000000000000142e+01
2.960000000000000142e+01 2.314999999999999858e+01
2.935000000000000142e+01 2.255000000000000071e+01
2.919999999999999929e+01 2.385000000000000142e+01
3.075000000000000000e+01 2.400000000000000000e+01
3.094999999999999929e+01 2.414999999999999858e+01
3.144999999999999929e+01 2.369999999999999929e+01
3.194999999999999929e+01 2.314999999999999858e+01
3.254999999999999716e+01 2.205000000000000071e+01
3.260000000000000142e+01 2.255000000000000071e+01
3.325000000000000000e+01 2.225000000000000000e+01
3.364999999999999858e+01 2.189999999999999858e+01
3.350000000000000000e+01 2.130000000000000071e+01
3.310000000000000142e+01 2.075000000000000000e+01
3.379999999999999716e+01 2.039999999999999858e+01
3.385000000000000142e+01 2.000000000000000000e+01
3.414999999999999858e+01 1.930000000000000071e+01
3.485000000000000142e+01 1.885000000000000142e+01
3.529999999999999716e+01 1.855000000000000071e+01
3.539999999999999858e+01 1.935000000000000142e+01
3.454999999999999716e+01 1.975000000000000000e+01
3.504999999999999716e+01 2.000000000000000000e+01
3.595000000000000284e+01 1.985000000000000142e+01
3.635000000000000142e+01 2.060000000000000142e+01
3.550000000000000000e+01 2.055000000000000071e+01
3.445000000000000284e+01 2.064999999999999858e+01
3.439999999999999858e+01 2.125000000000000000e+01
3.500000000000000000e+01 2.105000000000000071e+01
3.575000000000000000e+01 2.130000000000000071e+01
3.504999999999999716e+01 2.150000000000000000e+01
3.460000000000000142e+01 2.205000000000000071e+01
3.420000000000000284e+01 2.175000000000000000e+01
3.625000000000000000e+01 2.194999999999999929e+01
3.570000000000000284e+01 2.230000000000000071e+01
3.550000000000000000e+01 2.289999999999999858e+01
3.585000000000000142e+01 2.325000000000000000e+01
3.629999999999999716e+01 2.380000000000000071e+01
3.545000000000000284e+01 2.410000000000000142e+01
3.489999999999999858e+01 2.350000000000000000e+01
3.420000000000000284e+01 2.289999999999999858e+01
3.385000000000000142e+01 2.330000000000000071e+01
3.325000000000000000e+01 2.335000000000000142e+01
3.245000000000000284e+01 2.369999999999999929e+01
3.360000000000000142e+01 2.389999999999999858e+01
3.425000000000000000e+01 2.394999999999999929e+01
3.425000000000000000e+01 2.410000000000000142e+01
3.539999999999999858e+01 2.469999999999999929e+01
3.514999999999999858e+01 2.530000000000000071e+01
3.439999999999999858e+01 2.489999999999999858e+01
3.370000000000000284e+01 2.485000000000000142e+01
3.225000000000000000e+01 2.444999999999999929e+01
3.250000000000000000e+01 2.469999999999999929e+01
3.144999999999999929e+01 2.444999999999999929e+01
3.155000000000000071e+01 2.519999999999999929e+01
3.105000000000000071e+01 2.500000000000000000e+01
3.025000000000000000e+01 2.430000000000000071e+01
2.980000000000000071e+01 2.480000000000000071e+01
2.960000000000000142e+01 2.550000000000000000e+01
2.969999999999999929e+01 2.605000000000000071e+01
3.050000000000000000e+01 2.550000000000000000e+01
3.064999999999999858e+01 2.600000000000000000e+01
3.125000000000000000e+01 2.605000000000000071e+01
3.144999999999999929e+01 2.694999999999999929e+01
3.075000000000000000e+01 2.689999999999999858e+01
3.064999999999999858e+01 2.714999999999999858e+01
3.125000000000000000e+01 2.785000000000000142e+01
3.185000000000000142e+01 2.775000000000000000e+01
3.270000000000000284e+01 2.819999999999999929e+01
3.325000000000000000e+01 2.755000000000000071e+01
3.239999999999999858e+01 2.710000000000000142e+01
3.214999999999999858e+01 2.664999999999999858e+01
3.235000000000000142e+01 2.594999999999999929e+01
3.295000000000000284e+01 2.550000000000000000e+01
3.385000000000000142e+01 2.605000000000000071e+01
3.304999999999999716e+01 2.650000000000000000e+01
3.364999999999999858e+01 2.700000000000000000e+01
3.410000000000000142e+01 2.735000000000000142e+01
3.420000000000000284e+01 2.794999999999999929e+01
3.464999999999999858e+01 2.685000000000000142e+01
3.525000000000000000e+01 2.600000000000000000e+01
3.570000000000000284e+01 2.614999999999999858e+01
3.439999999999999858e+01 2.560000000000000142e+01
2.130000000000000071e+01 2.080000000000000071e+01
2.014999999999999858e+01 2.089999999999999858e+01
1.919999999999999929e+01 2.135000000000000142e+01
1.910000000000000142e+01 2.185000000000000142e+01
1.844999999999999929e+01 2.280000000000000071e+01
1.875000000000000000e+01 2.294999999999999929e+01
1.939999999999999858e+01 2.300000000000000000e+01
1.955000000000000071e+01 2.225000000000000000e+01
1.980000000000000071e+01 2.185000000000000142e+01
2.050000000000000000e+01 2.185000000000000142e+01
2.144999999999999929e+01 2.144999999999999929e+01
2.169999999999999929e+01 2.189999999999999858e+01
2.139999999999999858e+01 2.230000000000000071e+01
2.100000000000000000e+01 2.260000000000000142e+01
2.114999999999999858e+01 2.294999999999999929e+01
2.050000000000000000e+01 2.285000000000000142e+01
1.975000000000000000e+01 2.364999999999999858e+01
1.919999999999999929e+01 2.369999999999999929e+01
1.844999999999999929e+01 2.435000000000000142e+01
2.064999999999999858e+01 2.385000000000000142e+01
2.064999999999999858e+01 2.430000000000000071e+01
1.969999999999999929e+01 2.460000000000000142e+01
2.014999999999999858e+01 2.505000000000000071e+01
2.214999999999999858e+01 2.510000000000000142e+01
2.160000000000000142e+01 2.464999999999999858e+01
2.169999999999999929e+01 2.380000000000000071e+01
2.189999999999999858e+01 2.364999999999999858e+01
2.255000000000000071e+01 2.350000000000000000e+01
2.255000000000000071e+01 2.430000000000000071e+01
2.330000000000000071e+01 2.444999999999999929e+01
2.425000000000000000e+01 2.435000000000000142e+01
2.380000000000000071e+01 2.525000000000000000e+01
2.339999999999999858e+01 2.380000000000000071e+01
2.289999999999999858e+01 2.319999999999999929e+01
2.230000000000000071e+01 2.280000000000000071e+01
2.219999999999999929e+01 2.239999999999999858e+01
2.310000000000000142e+01 2.169999999999999929e+01
2.285000000000000142e+01 2.189999999999999858e+01
2.264999999999999858e+01 2.110000000000000142e+01
2.314999999999999858e+01 2.260000000000000142e+01
2.410000000000000142e+01 2.189999999999999858e+01
2.469999999999999929e+01 2.219999999999999929e+01
2.430000000000000071e+01 2.260000000000000142e+01
2.414999999999999858e+01 2.330000000000000071e+01
2.389999999999999858e+01 2.344999999999999929e+01
5.200000000000000178e+00 2.149999999999999911e+00
6.349999999999999645e+00 1.949999999999999956e+00
6.750000000000000000e+00 2.299999999999999822e+00
5.900000000000000355e+00 2.399999999999999911e+00
5.400000000000000355e+00 2.700000000000000178e+00
4.849999999999999645e+00 2.899999999999999911e+00
4.849999999999999645e+00 3.350000000000000089e+00
5.150000000000000355e+00 3.450000000000000178e+00
5.700000000000000178e+00 3.450000000000000178e+00
6.200000000000000178e+00 3.000000000000000000e+00
6.200000000000000178e+00 3.200000000000000178e+00
7.650000000000000355e+00 2.149999999999999911e+00
7.200000000000000178e+00 2.750000000000000000e+00
6.750000000000000000e+00 3.200000000000000178e+00
6.750000000000000000e+00 3.549999999999999822e+00
6.650000000000000355e+00 3.799999999999999822e+00
5.799999999999999822e+00 4.000000000000000000e+00
4.950000000000000178e+00 4.049999999999999822e+00
5.099999999999999645e+00 4.349999999999999645e+00
5.700000000000000178e+00 4.450000000000000178e+00
5.450000000000000178e+00 4.849999999999999645e+00
6.700000000000000178e+00 4.799999999999999822e+00
6.549999999999999822e+00 5.049999999999999822e+00
7.200000000000000178e+00 4.900000000000000355e+00
6.200000000000000178e+00 4.250000000000000000e+00
7.099999999999999645e+00 4.299999999999999822e+00
7.849999999999999645e+00 4.500000000000000000e+00
7.599999999999999645e+00 4.150000000000000355e+00
7.250000000000000000e+00 3.549999999999999822e+00
7.799999999999999822e+00 3.350000000000000089e+00
8.050000000000000711e+00 2.750000000000000000e+00
8.500000000000000000e+00 3.250000000000000000e+00
8.099999999999999645e+00 3.549999999999999822e+00
8.150000000000000355e+00 4.000000000000000000e+00
3.434397197476334895e+01 3.678281718843921411e+00
3.315254280510260543e+01 3.934223358001076143e+00
3.219216481745837655e+01 4.061933010870143690e+00
3.209935993965996204e+01 4.661407517144134260e+00
3.115586662689510433e+01 4.779856214092687239e+00
3.053393464988395678e+01 5.846810642382782142e+00
3.077804661991535440e+01 6.170366765580932444e+00
3.000134197987824791e+01 6.946995829596509964e+00
3.030170198244289281e+01 7.645839964050731297e+00
2.968334943126602710e+01 8.187594380264464178e+00
3.091376176657924546e+01 8.154318293145614405e+00
3.097712266894306055e+01 7.549213523832920991e+00
3.159910238216131262e+01 6.757915277665292209e+00
3.199103180830928039e+01 6.197745369682438721e+00
3.237549599508175646e+01 6.696097297854726627e+00
3.298369632200795110e+01 6.054328258741796809e+00
3.207795284349503362e+01 5.314366243876088802e+00
3.289765853155889630e+01 4.823456734721673911e+00
3.290339723531373295e+01 4.625036814732408352e+00
3.389399730204952021e+01 4.757008987560754854e+00
3.326513825277764624e+01 5.240478675757147542e+00
3.389436170492041356e+01 5.558717058550758594e+00
3.460286241668949714e+01 5.194097747165064227e+00
3.495988937788440154e+01 4.667132948954590077e+00
3.553061239526554971e+01 4.368050443835131524e+00
3.489879697087128818e+01 4.265604535680811438e+00
3.425935167302419160e+01 4.304522920215446469e+00
3.659710021633808452e+01 5.475479191843741766e+00
3.565526623643150828e+01 5.415623595979679905e+00
3.595187675267529670e+01 6.261613102384201213e+00
3.488474578366259493e+01 5.974803924243230924e+00
3.373210308827385262e+01 6.234626341466456445e+00
3.406450306067561229e+01 6.809290493020299095e+00
3.375313210406600462e+01 7.260511972840037132e+00
3.287384505374181032e+01 7.148419141503615570e+00
3.246568602792540759e+01 7.798527857322456569e+00
3.321054928523299310e+01 8.106414873888878603e+00
3.217310761440563027e+01 8.295696995676889784e+00
3.136876289712797572e+01 8.732707957124757669e+00
3.035448268656928050e+01 8.878658660246722789e+00
3.014709240512381072e+01 9.156178145505521115e+00
3.083940828383440191e+01 9.302170573539676468e+00
2.972684897117515845e+01 1.013667969781314859e+01
3.061033681896612890e+01 1.014801486067724490e+01
3.116152338693206403e+01 9.899358860631322088e+00
3.204908712790211922e+01 9.460188042665269137e+00
3.259445219844646857e+01 9.082178640822151650e+00
3.359979313219936614e+01 8.707102846403451224e+00
3.460316113529794535e+01 7.916346580526188781e+00
3.489530217158863934e+01 8.164748381087157725e+00
3.461160084603960740e+01 7.330127095906883383e+00
3.528705551874691793e+01 7.000492868633833687e+00
3.566999888869739266e+01 7.575605641327467055e+00
3.611458429854415186e+01 7.553855994879974389e+00
3.677625118229755685e+01 7.022229612345179284e+00
3.614455131942003874e+01 8.428664406843788370e+00
3.556202945125784254e+01 8.080312321301960310e+00
3.663687150301852569e+01 8.676478729222383279e+00
3.656341392153767345e+01 9.200613734032581092e+00
3.556906462907794975e+01 9.102211250180941349e+00
3.474479604420736223e+01 8.952022786092365791e+00
3.539961247107272868e+01 9.569878463460110396e+00
3.443794648542048975e+01 9.577022399734969937e+00
3.353194557993726477e+01 9.474687670625854707e+00
3.391085010024777802e+01 9.940570192973668284e+00
3.258121475677634038e+01 9.868696042395082912e+00
3.246757352427274412e+01 1.044471886895014201e+01
3.346128931592979683e+01 1.059606712739451773e+01
3.160031797480596083e+01 1.063515279065013708e+01
3.089614915379330995e+01 1.071320850238290312e+01
3.048724512815732979e+01 1.138141595177129517e+01
3.104525601867564077e+01 1.154353916233403510e+01
3.087026049617691115e+01 1.189488693370952532e+01
3.045806091416343975e+01 1.215341614578538021e+01
3.127913411591855208e+01 1.213207585783033338e+01
3.209153836326280640e+01 1.163754219364331455e+01
3.183314982598195186e+01 1.111735304275033798e+01
3.312186909349055242e+01 1.129058742828106077e+01
3.283928919149312264e+01 1.170442317980425884e+01
3.233659550500305357e+01 1.242782530101936622e+01
3.206832781999299442e+01 1.234223203294165572e+01
3.154493406624528617e+01 1.270266782670206851e+01
3.199486628136238764e+01 1.303916533396199462e+01
3.297352731541622717e+01 1.312067337820319679e+01
3.320231001341644372e+01 1.332584598017157695e+01
3.322700038254551202e+01 1.278245330164357618e+01
3.342162310764271638e+01 1.225332893071470863e+01
3.453800240166583535e+01 1.183046831484823080e+01
3.423227658927641670e+01 1.090876984049888776e+01
3.470722781457804729e+01 1.126842562227767353e+01
3.506445532680277211e+01 1.015228167439432916e+01
3.584411226282623630e+01 9.978189910657226491e+00
3.638366265495217533e+01 1.026234841292543720e+01
3.564085003208678870e+01 1.078673629394474176e+01
3.583757312268995321e+01 1.164930906683490441e+01
3.546943503503228357e+01 1.183275911197870123e+01
3.473687281276997396e+01 1.180478701182319057e+01
3.510047093634690185e+01 1.303541076173420343e+01
3.434730788477781260e+01 1.263189518242997877e+01
3.418288938433732937e+01 1.331229052196932194e+01
3.326721927496173947e+01 1.396078768618277977e+01
3.347933539565495664e+01 1.422231939816291835e+01
3.310000000000000142e+01 5.139999999999999680e+00
3.310000000000000142e+01 5.139999999999999680e+00
3.310000000000000142e+01 5.139999999999999680e+00
