1.850000000000000089e+00 2.780000000000000071e+01
1.350000000000000089e+00 2.664999999999999858e+01
1.399999999999999911e+00 2.325000000000000000e+01
8.499999999999999778e-01 2.305000000000000071e+01
5.000000000000000000e-01 2.235000000000000142e+01
6.500000000000000222e-01 2.135000000000000142e+01
1.100000000000000089e+00 2.205000000000000071e+01
1.350000000000000089e+00 2.264999999999999858e+01
1.949999999999999956e+00 2.280000000000000071e+01
2.399999999999999911e+00 2.244999999999999929e+01
1.800000000000000044e+00 2.200000000000000000e+01
2.500000000000000000e+00 2.185000000000000142e+01
2.950000000000000178e+00 2.139999999999999858e+01
1.899999999999999911e+00 2.125000000000000000e+01
1.350000000000000089e+00 2.144999999999999929e+01
1.350000000000000089e+00 2.089999999999999858e+01
1.250000000000000000e+00 2.035000000000000142e+01
1.750000000000000000e+00 2.005000000000000071e+01
2.000000000000000000e+00 2.060000000000000142e+01
2.500000000000000000e+00 2.100000000000000000e+01
1.699999999999999956e+00 1.905000000000000071e+01
2.399999999999999911e+00 2.005000000000000071e+01
3.049999999999999822e+00 2.044999999999999929e+01
3.700000000000000178e+00 2.044999999999999929e+01
3.450000000000000178e+00 1.989999999999999858e+01
2.950000000000000178e+00 1.950000000000000000e+01
2.399999999999999911e+00 1.939999999999999858e+01
2.399999999999999911e+00 1.825000000000000000e+01
2.850000000000000089e+00 1.875000000000000000e+01
3.250000000000000000e+00 1.905000000000000071e+01
3.950000000000000178e+00 1.960000000000000142e+01
2.700000000000000178e+00 1.780000000000000071e+01
3.450000000000000178e+00 1.805000000000000071e+01
3.799999999999999822e+00 1.855000000000000071e+01
4.000000000000000000e+00 1.910000000000000142e+01
4.450000000000000178e+00 1.989999999999999858e+01
4.650000000000000355e+00 1.914999999999999858e+01
4.849999999999999645e+00 1.844999999999999929e+01
4.299999999999999822e+00 1.805000000000000071e+01
3.350000000000000089e+00 1.730000000000000071e+01
3.700000000000000178e+00 1.630000000000000071e+01
4.400000000000000355e+00 1.694999999999999929e+01
4.250000000000000000e+00 1.739999999999999858e+01
4.799999999999999822e+00 1.764999999999999858e+01
5.250000000000000000e+00 1.825000000000000000e+01
5.750000000000000000e+00 1.855000000000000071e+01
5.299999999999999822e+00 1.925000000000000000e+01
6.049999999999999822e+00 1.955000000000000071e+01
6.500000000000000000e+00 1.889999999999999858e+01
6.049999999999999822e+00 1.819999999999999929e+01
5.599999999999999645e+00 1.780000000000000071e+01
5.450000000000000178e+00 1.714999999999999858e+01
5.049999999999999822e+00 1.655000000000000071e+01
4.549999999999999822e+00 1.605000000000000071e+01
4.950000000000000178e+00 1.544999999999999929e+01
5.849999999999999645e+00 1.480000000000000071e+01
5.599999999999999645e+00 1.530000000000000071e+01
5.650000000000000355e+00 1.600000000000000000e+01
5.950000000000000178e+00 1.680000000000000071e+01
6.250000000000000000e+00 1.639999999999999858e+01
6.099999999999999645e+00 1.744999999999999929e+01
6.599999999999999645e+00 1.764999999999999858e+01
6.650000000000000355e+00 1.830000000000000071e+01
7.299999999999999822e+00 1.835000000000000142e+01
7.849999999999999645e+00 1.830000000000000071e+01
7.150000000000000355e+00 1.780000000000000071e+01
7.599999999999999645e+00 1.769999999999999929e+01
6.700000000000000178e+00 1.725000000000000000e+01
7.299999999999999822e+00 1.725000000000000000e+01
6.700000000000000178e+00 1.680000000000000071e+01
7.299999999999999822e+00 1.664999999999999858e+01
6.750000000000000000e+00 1.630000000000000071e+01
7.400000000000000355e+00 1.619999999999999929e+01
6.549999999999999822e+00 1.575000000000000000e+01
7.349999999999999645e+00 1.580000000000000071e+01
6.799999999999999822e+00 1.494999999999999929e+01
7.450000000000000178e+00 1.509999999999999964e+01
6.849999999999999645e+00 1.444999999999999929e+01
7.599999999999999645e+00 1.459999999999999964e+01
8.550000000000000711e+00 1.465000000000000036e+01
8.199999999999999289e+00 1.550000000000000000e+01
7.900000000000000355e+00 1.610000000000000142e+01
8.050000000000000711e+00 1.650000000000000000e+01
7.799999999999999822e+00 1.700000000000000000e+01
8.000000000000000000e+00 1.744999999999999929e+01
8.400000000000000355e+00 1.810000000000000142e+01
8.650000000000000355e+00 1.775000000000000000e+01
8.900000000000000355e+00 1.710000000000000142e+01
8.400000000000000355e+00 1.710000000000000142e+01
8.650000000000000355e+00 1.664999999999999858e+01
8.449999999999999289e+00 1.605000000000000071e+01
8.849999999999999645e+00 1.534999999999999964e+01
9.599999999999999645e+00 1.530000000000000071e+01
9.150000000000000355e+00 1.600000000000000000e+01
1.019999999999999929e+01 1.600000000000000000e+01
9.500000000000000000e+00 1.664999999999999858e+01
1.075000000000000000e+01 1.660000000000000142e+01
1.044999999999999929e+01 1.719999999999999929e+01
9.849999999999999645e+00 1.710000000000000142e+01
9.400000000000000355e+00 1.760000000000000142e+01
1.015000000000000036e+01 1.769999999999999929e+01
9.849999999999999645e+00 1.814999999999999858e+01
9.050000000000000711e+00 1.825000000000000000e+01
9.300000000000000711e+00 1.869999999999999929e+01
9.150000000000000355e+00 1.914999999999999858e+01
8.500000000000000000e+00 1.880000000000000071e+01
1.165000000000000036e+01 1.744999999999999929e+01
1.109999999999999964e+01 1.764999999999999858e+01
1.040000000000000036e+01 1.825000000000000000e+01
1.000000000000000000e+01 1.894999999999999929e+01
1.194999999999999929e+01 1.825000000000000000e+01
1.125000000000000000e+01 1.839999999999999858e+01
1.059999999999999964e+01 1.889999999999999858e+01
1.115000000000000036e+01 1.900000000000000000e+01
1.190000000000000036e+01 1.885000000000000142e+01
1.259999999999999964e+01 1.889999999999999858e+01
1.180000000000000071e+01 1.944999999999999929e+01
1.105000000000000071e+01 1.944999999999999929e+01
1.030000000000000071e+01 1.939999999999999858e+01
9.900000000000000355e+00 1.975000000000000000e+01
1.044999999999999929e+01 2.000000000000000000e+01
1.305000000000000071e+01 1.989999999999999858e+01
1.250000000000000000e+01 1.975000000000000000e+01
1.190000000000000036e+01 2.005000000000000071e+01
1.119999999999999929e+01 2.025000000000000000e+01
1.084999999999999964e+01 2.085000000000000142e+01
1.140000000000000036e+01 2.125000000000000000e+01
1.169999999999999929e+01 2.060000000000000142e+01
1.230000000000000071e+01 2.044999999999999929e+01
1.294999999999999929e+01 2.055000000000000071e+01
1.255000000000000071e+01 2.094999999999999929e+01
1.205000000000000071e+01 2.125000000000000000e+01
1.175000000000000000e+01 2.210000000000000142e+01
1.225000000000000000e+01 2.185000000000000142e+01
1.280000000000000071e+01 2.150000000000000000e+01
1.355000000000000071e+01 2.100000000000000000e+01
1.359999999999999964e+01 2.160000000000000142e+01
1.294999999999999929e+01 2.200000000000000000e+01
1.250000000000000000e+01 2.225000000000000000e+01
1.219999999999999929e+01 2.285000000000000142e+01
1.269999999999999929e+01 2.335000000000000142e+01
1.300000000000000000e+01 2.269999999999999929e+01
1.355000000000000071e+01 2.219999999999999929e+01
1.405000000000000071e+01 2.225000000000000000e+01
1.419999999999999929e+01 2.305000000000000071e+01
1.409999999999999964e+01 2.360000000000000142e+01
1.350000000000000000e+01 2.280000000000000071e+01
1.334999999999999964e+01 2.350000000000000000e+01
1.330000000000000071e+01 2.400000000000000000e+01
7.299999999999999822e+00 1.914999999999999858e+01
7.950000000000000178e+00 1.935000000000000142e+01
7.700000000000000178e+00 2.005000000000000071e+01
6.750000000000000000e+00 1.989999999999999858e+01
5.250000000000000000e+00 2.035000000000000142e+01
6.150000000000000355e+00 2.069999999999999929e+01
7.000000000000000000e+00 2.069999999999999929e+01
7.599999999999999645e+00 2.119999999999999929e+01
8.550000000000000711e+00 2.060000000000000142e+01
9.349999999999999645e+00 2.050000000000000000e+01
8.300000000000000711e+00 2.144999999999999929e+01
7.900000000000000355e+00 2.160000000000000142e+01
7.150000000000000355e+00 2.175000000000000000e+01
6.700000000000000178e+00 2.130000000000000071e+01
5.200000000000000178e+00 2.110000000000000142e+01
6.200000000000000178e+00 2.194999999999999929e+01
6.750000000000000000e+00 2.239999999999999858e+01
6.150000000000000355e+00 2.250000000000000000e+01
5.650000000000000355e+00 2.219999999999999929e+01
4.650000000000000355e+00 2.255000000000000071e+01
4.099999999999999645e+00 2.344999999999999929e+01
5.349999999999999645e+00 2.280000000000000071e+01
7.400000000000000355e+00 2.260000000000000142e+01
7.750000000000000000e+00 2.210000000000000142e+01
8.500000000000000000e+00 2.230000000000000071e+01
9.300000000000000711e+00 2.200000000000000000e+01
9.699999999999999289e+00 2.294999999999999929e+01
8.800000000000000711e+00 2.294999999999999929e+01
8.050000000000000711e+00 2.289999999999999858e+01
7.599999999999999645e+00 2.314999999999999858e+01
6.849999999999999645e+00 2.300000000000000000e+01
6.200000000000000178e+00 2.325000000000000000e+01
5.700000000000000178e+00 2.339999999999999858e+01
5.099999999999999645e+00 2.355000000000000071e+01
4.549999999999999822e+00 2.414999999999999858e+01
5.500000000000000000e+00 2.400000000000000000e+01
6.099999999999999645e+00 2.405000000000000071e+01
6.500000000000000000e+00 2.360000000000000142e+01
6.750000000000000000e+00 2.394999999999999929e+01
7.299999999999999822e+00 2.375000000000000000e+01
8.300000000000000711e+00 2.339999999999999858e+01
8.900000000000000355e+00 2.369999999999999929e+01
9.550000000000000711e+00 2.364999999999999858e+01
1.034999999999999964e+01 2.410000000000000142e+01
7.950000000000000178e+00 2.405000000000000071e+01
3.950000000000000178e+00 2.439999999999999858e+01
3.750000000000000000e+00 2.525000000000000000e+01
3.899999999999999911e+00 2.594999999999999929e+01
4.549999999999999822e+00 2.664999999999999858e+01
5.250000000000000000e+00 2.675000000000000000e+01
6.500000000000000000e+00 2.760000000000000142e+01
7.450000000000000178e+00 2.760000000000000142e+01
8.349999999999999645e+00 2.735000000000000142e+01
9.250000000000000000e+00 2.719999999999999929e+01
9.949999999999999289e+00 2.650000000000000000e+01
1.055000000000000071e+01 2.560000000000000142e+01
9.900000000000000355e+00 2.494999999999999929e+01
9.199999999999999289e+00 2.450000000000000000e+01
8.550000000000000711e+00 2.419999999999999929e+01
8.800000000000000711e+00 2.480000000000000071e+01
9.199999999999999289e+00 2.535000000000000142e+01
9.550000000000000711e+00 2.605000000000000071e+01
9.050000000000000711e+00 2.660000000000000142e+01
8.800000000000000711e+00 2.580000000000000071e+01
8.150000000000000355e+00 2.635000000000000142e+01
8.050000000000000711e+00 2.580000000000000071e+01
8.349999999999999645e+00 2.519999999999999929e+01
7.900000000000000355e+00 2.530000000000000071e+01
8.050000000000000711e+00 2.469999999999999929e+01
7.299999999999999822e+00 2.439999999999999858e+01
7.549999999999999822e+00 2.485000000000000142e+01
6.849999999999999645e+00 2.444999999999999929e+01
6.250000000000000000e+00 2.464999999999999858e+01
5.549999999999999822e+00 2.450000000000000000e+01
4.650000000000000355e+00 2.510000000000000142e+01
5.000000000000000000e+00 2.555000000000000071e+01
5.549999999999999822e+00 2.610000000000000142e+01
5.549999999999999822e+00 2.525000000000000000e+01
6.200000000000000178e+00 2.519999999999999929e+01
6.799999999999999822e+00 2.505000000000000071e+01
7.400000000000000355e+00 2.525000000000000000e+01
6.650000000000000355e+00 2.544999999999999929e+01
6.150000000000000355e+00 2.580000000000000071e+01
6.500000000000000000e+00 2.610000000000000142e+01
6.599999999999999645e+00 2.660000000000000142e+01
7.700000000000000178e+00 2.664999999999999858e+01
7.500000000000000000e+00 2.619999999999999929e+01
7.500000000000000000e+00 2.564999999999999858e+01
7.049999999999999822e+00 2.585000000000000142e+01
6.900000000000000355e+00 2.714999999999999858e+01
6.150000000000000355e+00 2.689999999999999858e+01
1.496469827235315186e+00 2.327860396509350949e+01
9.042454289091368391e-01 2.307065557250323096e+01
6.603383325429075246e-01 2.250510613522627068e+01
6.820023059749973360e-01 2.150224415410388801e+01
1.241451005727774115e+00 2.217162152639516037e+01
1.393873171549960377e+00 2.266127943918689169e+01
2.136170936691736522e+00 2.285973200835819341e+01
2.530785259367372753e+00 2.261107314532779711e+01
1.980746326046927130e+00 2.210142385094341932e+01
2.583755846719871574e+00 2.196507711465316603e+01
3.042271959638491285e+00 2.144417889340526884e+01
2.003367731498366666e+00 2.135202657948242688e+01
1.400873662118554241e+00 2.160667386914923682e+01
1.376641313461977489e+00 2.092105310370427063e+01
1.377175956530194201e+00 2.043114904525463871e+01
1.909798474006373370e+00 2.019506227765770845e+01
2.147790077865659342e+00 2.070735920488215598e+01
2.524212732574004914e+00 2.106723118943996909e+01
1.721820112670044756e+00 1.911049845080793119e+01
2.556929319195398786e+00 2.008974153324385625e+01
3.169283539713877218e+00 2.055566663013606998e+01
3.781686627457057526e+00 2.052197104719005694e+01
3.648293575179186288e+00 2.006288455529363191e+01
3.123247600046536121e+00 1.968280766898315193e+01
2.442004147989647933e+00 1.948997380663649182e+01
2.449219119624181928e+00 1.844300775425212890e+01
2.906399800263668176e+00 1.891069690762742894e+01
3.446126967506327077e+00 1.916950446842706057e+01
3.997243662059044578e+00 1.961071248320534721e+01
2.773256423256966308e+00 1.790179984032778648e+01
3.507587867752567590e+00 1.821313320618680009e+01
3.819892760703635037e+00 1.858900586964945845e+01
4.145005857363403656e+00 1.914381903905210081e+01
4.570133717917656213e+00 1.997986184895248840e+01
4.726521013859899867e+00 1.921974907806906785e+01
4.877188195009383165e+00 1.853563573385973484e+01
4.320020986713148936e+00 1.822420069004781595e+01
3.522458143700348376e+00 1.741850006026802333e+01
3.805497931539216339e+00 1.645076754326073853e+01
4.401748252771891856e+00 1.696136983468010584e+01
4.279870381376789545e+00 1.742829754366442074e+01
4.924072419232659925e+00 1.784384201927793967e+01
5.413830079308044496e+00 1.842426660684643025e+01
5.947738310818201590e+00 1.863234455479596718e+01
5.358326357496236980e+00 1.931248005772580711e+01
6.121968928191927617e+00 1.956578777763462895e+01
6.628296766125464146e+00 1.891865343676013467e+01
6.124080351164535863e+00 1.824009965646406783e+01
5.788571744032460664e+00 1.795805065027161973e+01
5.538709721641719597e+00 1.728289325247691721e+01
5.139348121006709569e+00 1.656684459971122436e+01
4.641659240017904864e+00 1.621026426987341296e+01
5.087320979143818533e+00 1.563556110732477755e+01
6.008633505846230349e+00 1.480974512926098363e+01
5.615967094159610262e+00 1.537511591620181051e+01
5.748790735127284002e+00 1.612236239583727837e+01
6.110014226075016097e+00 1.691095932523435152e+01
6.419030960215019732e+00 1.644870877835444745e+01
6.211880701120641390e+00 1.749199142041419108e+01
6.641725960137997653e+00 1.765187568576280341e+01
6.733710189496922460e+00 1.841806047673398083e+01
7.386167552246343249e+00 1.844212285435076382e+01
7.933583832102941713e+00 1.841434724816460289e+01
7.151606536362975497e+00 1.780599428233808723e+01
7.767775924975508950e+00 1.781064007908288360e+01
6.830950346415131769e+00 1.743109657515824651e+01
7.352994374448350356e+00 1.735310278210924650e+01
6.832729241908549689e+00 1.693845846732653371e+01
7.397212982792381375e+00 1.683643042801090317e+01
6.817083704085264984e+00 1.644127385698953603e+01
7.524330232379902839e+00 1.635020594596869969e+01
6.685771549042440753e+00 1.576112501526019294e+01
7.538416440964406107e+00 1.592589010339500533e+01
6.889282575001138831e+00 1.500342975940626467e+01
7.465649675883406111e+00 1.515863995807823628e+01
6.952131688208307736e+00 1.457602029888580120e+01
7.705340019710456012e+00 1.463188526601559047e+01
8.725262556362798350e+00 1.476873750350497083e+01
8.234125138699885937e+00 1.553110747302928196e+01
8.065179977022117086e+00 1.615401943503323778e+01
8.229344339127722563e+00 1.655174343038605400e+01
7.968898802974313078e+00 1.706026499237435345e+01
8.147820173281067113e+00 1.757461855840768905e+01
8.525755811863964695e+00 1.817365949202979181e+01
8.704427028170298897e+00 1.792206118549679417e+01
9.057732415460803210e+00 1.719533370362535507e+01
8.531483080368767347e+00 1.722823644799870024e+01
8.732652253224244987e+00 1.683692247766238381e+01
8.503627290361883695e+00 1.615821870719026521e+01
8.894819840845377357e+00 1.551383335530359098e+01
9.773568680227427308e+00 1.546795545980800490e+01
9.303644332979470022e+00 1.615079107487220256e+01
1.026427211689480501e+01 1.610274254827536211e+01
9.616181335123462404e+00 1.670717472153050309e+01
1.084051975238564403e+01 1.668245802196580385e+01
1.061650161046805430e+01 1.725739755008328657e+01
9.982224725837868462e+00 1.720777182211086043e+01
9.539423616478847734e+00 1.761380957124617552e+01
1.030018370816175022e+01 1.776437309851978341e+01
9.940979659604693097e+00 1.817502478373003783e+01
9.244436971457307806e+00 1.828620591492827785e+01
9.381959701210256242e+00 1.883038838058667253e+01
9.201173958054658542e+00 1.921899717848015499e+01
8.624164830954885730e+00 1.890198243959304492e+01
1.178276048402566367e+01 1.759000130064589484e+01
1.118148835729073021e+01 1.774844533002324454e+01
1.056068132108925717e+01 1.837964642992406539e+01
1.012875469560293240e+01 1.898173923476412384e+01
1.203676483443185496e+01 1.844397365047256443e+01
1.126335567637278956e+01 1.846222230618721838e+01
1.077708233268922022e+01 1.904608139998355654e+01
1.117118454400633532e+01 1.910435100599547908e+01
1.202582457163455842e+01 1.904534331312574125e+01
1.273793502150224910e+01 1.891818821466192446e+01
1.197547763218880235e+01 1.962546809277799653e+01
1.116097457965354423e+01 1.964755695542950065e+01
1.033507435353349102e+01 1.954705444784496393e+01
1.005812147805947809e+01 1.989315238820688236e+01
1.055648540123028667e+01 2.019602542915257004e+01
1.318190539368926473e+01 1.991175009666549656e+01
1.265235821887277190e+01 1.983615641788649242e+01
1.201358822427043904e+01 2.007175589352205947e+01
1.121849604693055902e+01 2.028829349563027762e+01
1.096399685521548228e+01 2.101743751887959633e+01
1.156587003183660300e+01 2.134681988152973986e+01
1.176166298551122047e+01 2.077913017153915121e+01
1.248636981962505388e+01 2.052382719104279829e+01
1.312873776733714770e+01 2.061022594116450080e+01
1.256179375222076011e+01 2.106152617840697516e+01
1.217385611698962578e+01 2.130200636568980954e+01
1.193383328926621978e+01 2.226573885541784037e+01
1.244777995097963164e+01 2.192416709320117008e+01
1.292930165464203185e+01 2.153728332883277474e+01
1.371065924486900833e+01 2.109502939844252722e+01
1.367109022607338353e+01 2.167419713304875017e+01
1.307603534002567613e+01 2.204901383628388345e+01
1.269240952334670602e+01 2.231555804175342672e+01
1.234705264628085253e+01 2.285100590743614291e+01
1.282079440812469073e+01 2.340366161899075337e+01
1.312870489196498625e+01 2.277008293464783861e+01
1.362891102010536493e+01 2.221120327375773940e+01
1.407375363653696354e+01 2.233888989519727986e+01
1.438902944667156092e+01 2.311725271870944809e+01
1.424363098979392284e+01 2.365497498899873108e+01
1.352831844642383707e+01 2.283482848235629703e+01
1.343359404908537336e+01 2.369950730472219291e+01
1.336600891215597109e+01 2.405665048853546395e+01
7.470894832844101607e+00 1.917402716418403585e+01
8.088840831664153797e+00 1.938556344022158839e+01
7.835127917512378914e+00 2.013973666058853951e+01
6.807594074798998030e+00 1.993381197277314598e+01
5.420250596014312805e+00 2.038056159884071405e+01
5.348804828178109538e+00 2.117936779713803475e+01
