3.194999999999999929e+01 7.950000000000000178e+00
3.114999999999999858e+01 7.299999999999999822e+00
3.044999999999999929e+01 6.650000000000000355e+00
2.969999999999999929e+01 6.000000000000000000e+00
2.889999999999999858e+01 5.549999999999999822e+00
2.805000000000000071e+01 5.000000000000000000e+00
2.719999999999999929e+01 4.549999999999999822e+00
2.635000000000000142e+01 4.150000000000000355e+00
2.539999999999999858e+01 3.850000000000000089e+00
2.460000000000000142e+01 3.600000000000000089e+00
2.360000000000000142e+01 3.299999999999999822e+00
2.275000000000000000e+01 3.149999999999999911e+00
2.185000000000000142e+01 3.049999999999999822e+00
2.089999999999999858e+01 3.000000000000000000e+00
2.000000000000000000e+01 2.899999999999999911e+00
1.910000000000000142e+01 3.000000000000000000e+00
1.819999999999999929e+01 3.200000000000000178e+00
1.730000000000000071e+01 3.250000000000000000e+00
1.655000000000000071e+01 3.500000000000000000e+00
1.569999999999999929e+01 3.700000000000000178e+00
1.484999999999999964e+01 4.099999999999999645e+00
1.415000000000000036e+01 4.400000000000000355e+00
1.340000000000000036e+01 4.750000000000000000e+00
1.269999999999999929e+01 5.200000000000000178e+00
1.205000000000000071e+01 5.650000000000000355e+00
1.144999999999999929e+01 6.150000000000000355e+00
1.090000000000000036e+01 6.650000000000000355e+00
1.030000000000000071e+01 7.250000000000000000e+00
9.699999999999999289e+00 7.849999999999999645e+00
9.349999999999999645e+00 8.349999999999999645e+00
8.900000000000000355e+00 9.050000000000000711e+00
8.550000000000000711e+00 9.650000000000000355e+00
8.150000000000000355e+00 1.034999999999999964e+01
7.950000000000000178e+00 1.094999999999999929e+01
7.750000000000000000e+00 1.169999999999999929e+01
7.549999999999999822e+00 1.234999999999999964e+01
7.450000000000000178e+00 1.300000000000000000e+01
7.349999999999999645e+00 1.375000000000000000e+01
7.299999999999999822e+00 1.434999999999999964e+01
7.349999999999999645e+00 1.494999999999999929e+01
7.349999999999999645e+00 1.575000000000000000e+01
7.549999999999999822e+00 1.635000000000000142e+01
7.700000000000000178e+00 1.694999999999999929e+01
7.799999999999999822e+00 1.755000000000000071e+01
8.050000000000000711e+00 1.814999999999999858e+01
8.300000000000000711e+00 1.875000000000000000e+01
8.650000000000000355e+00 1.930000000000000071e+01
8.900000000000000355e+00 1.985000000000000142e+01
9.300000000000000711e+00 2.030000000000000071e+01
9.650000000000000355e+00 2.080000000000000071e+01
1.019999999999999929e+01 2.125000000000000000e+01
1.059999999999999964e+01 2.164999999999999858e+01
1.109999999999999964e+01 2.214999999999999858e+01
1.155000000000000071e+01 2.244999999999999929e+01
1.194999999999999929e+01 2.269999999999999929e+01
1.255000000000000071e+01 2.300000000000000000e+01
1.305000000000000071e+01 2.319999999999999929e+01
1.344999999999999929e+01 2.339999999999999858e+01
1.400000000000000000e+01 2.355000000000000071e+01
1.455000000000000071e+01 2.360000000000000142e+01
1.509999999999999964e+01 2.375000000000000000e+01
1.569999999999999929e+01 2.375000000000000000e+01
1.614999999999999858e+01 2.385000000000000142e+01
1.669999999999999929e+01 2.380000000000000071e+01
1.714999999999999858e+01 2.375000000000000000e+01
1.775000000000000000e+01 2.375000000000000000e+01
1.819999999999999929e+01 2.360000000000000142e+01
1.864999999999999858e+01 2.350000000000000000e+01
1.910000000000000142e+01 2.335000000000000142e+01
1.960000000000000142e+01 2.314999999999999858e+01
2.000000000000000000e+01 2.294999999999999929e+01
2.039999999999999858e+01 2.269999999999999929e+01
2.069999999999999929e+01 2.255000000000000071e+01
2.100000000000000000e+01 2.214999999999999858e+01
2.144999999999999929e+01 2.194999999999999929e+01
2.175000000000000000e+01 2.155000000000000071e+01
2.200000000000000000e+01 2.125000000000000000e+01
2.225000000000000000e+01 2.100000000000000000e+01
2.250000000000000000e+01 2.069999999999999929e+01
2.264999999999999858e+01 2.035000000000000142e+01
2.275000000000000000e+01 2.005000000000000071e+01
2.289999999999999858e+01 1.964999999999999858e+01
2.300000000000000000e+01 1.935000000000000142e+01
2.310000000000000142e+01 1.900000000000000000e+01
2.314999999999999858e+01 1.864999999999999858e+01
2.319999999999999929e+01 1.825000000000000000e+01
2.319999999999999929e+01 1.805000000000000071e+01
2.319999999999999929e+01 1.780000000000000071e+01
2.310000000000000142e+01 1.744999999999999929e+01
2.305000000000000071e+01 1.714999999999999858e+01
2.289999999999999858e+01 1.689999999999999858e+01
2.285000000000000142e+01 1.660000000000000142e+01
2.269999999999999929e+01 1.639999999999999858e+01
2.260000000000000142e+01 1.619999999999999929e+01
2.255000000000000071e+01 1.605000000000000071e+01
2.239999999999999858e+01 1.594999999999999929e+01
2.235000000000000142e+01 1.580000000000000071e+01
2.219999999999999929e+01 1.565000000000000036e+01
2.214999999999999858e+01 1.555000000000000071e+01
2.200000000000000000e+01 1.540000000000000036e+01
2.189999999999999858e+01 1.530000000000000071e+01
2.185000000000000142e+01 1.525000000000000000e+01
2.175000000000000000e+01 1.515000000000000036e+01
2.164999999999999858e+01 1.505000000000000071e+01
2.155000000000000071e+01 1.500000000000000000e+01
2.150000000000000000e+01 1.490000000000000036e+01
1.935000000000000142e+01 3.164999999999999858e+01
2.035000000000000142e+01 3.144999999999999929e+01
2.135000000000000142e+01 3.110000000000000142e+01
2.225000000000000000e+01 3.089999999999999858e+01
2.319999999999999929e+01 3.044999999999999929e+01
2.394999999999999929e+01 3.005000000000000071e+01
2.489999999999999858e+01 2.964999999999999858e+01
2.560000000000000142e+01 2.905000000000000071e+01
2.635000000000000142e+01 2.850000000000000000e+01
2.714999999999999858e+01 2.789999999999999858e+01
2.775000000000000000e+01 2.735000000000000142e+01
2.830000000000000071e+01 2.660000000000000142e+01
2.894999999999999929e+01 2.585000000000000142e+01
2.950000000000000000e+01 2.514999999999999858e+01
2.994999999999999929e+01 2.444999999999999929e+01
3.039999999999999858e+01 2.369999999999999929e+01
3.060000000000000142e+01 2.289999999999999858e+01
3.089999999999999858e+01 2.210000000000000142e+01
3.125000000000000000e+01 2.130000000000000071e+01
3.135000000000000142e+01 2.055000000000000071e+01
3.150000000000000000e+01 1.969999999999999929e+01
3.155000000000000071e+01 1.889999999999999858e+01
3.164999999999999858e+01 1.814999999999999858e+01
3.160000000000000142e+01 1.735000000000000142e+01
3.144999999999999929e+01 1.655000000000000071e+01
3.130000000000000071e+01 1.580000000000000071e+01
3.114999999999999858e+01 1.505000000000000071e+01
3.089999999999999858e+01 1.434999999999999964e+01
3.060000000000000142e+01 1.365000000000000036e+01
3.030000000000000071e+01 1.300000000000000000e+01
2.989999999999999858e+01 1.230000000000000071e+01
2.950000000000000000e+01 1.175000000000000000e+01
2.900000000000000000e+01 1.115000000000000036e+01
2.850000000000000000e+01 1.059999999999999964e+01
2.800000000000000000e+01 1.009999999999999964e+01
2.755000000000000071e+01 9.650000000000000355e+00
2.689999999999999858e+01 9.099999999999999645e+00
2.625000000000000000e+01 8.800000000000000711e+00
2.569999999999999929e+01 8.400000000000000355e+00
2.514999999999999858e+01 8.050000000000000711e+00
2.450000000000000000e+01 7.750000000000000000e+00
2.389999999999999858e+01 7.650000000000000355e+00
2.314999999999999858e+01 7.400000000000000355e+00
2.250000000000000000e+01 7.299999999999999822e+00
2.189999999999999858e+01 7.099999999999999645e+00
2.125000000000000000e+01 7.049999999999999822e+00
2.050000000000000000e+01 7.000000000000000000e+00
1.989999999999999858e+01 6.950000000000000178e+00
1.925000000000000000e+01 7.049999999999999822e+00
1.875000000000000000e+01 7.099999999999999645e+00
1.805000000000000071e+01 7.250000000000000000e+00
1.750000000000000000e+01 7.349999999999999645e+00
1.689999999999999858e+01 7.599999999999999645e+00
1.635000000000000142e+01 7.799999999999999822e+00
1.580000000000000071e+01 8.050000000000000711e+00
1.540000000000000036e+01 8.349999999999999645e+00
1.490000000000000036e+01 8.699999999999999289e+00
1.444999999999999929e+01 8.900000000000000355e+00
1.394999999999999929e+01 9.300000000000000711e+00
1.359999999999999964e+01 9.650000000000000355e+00
1.325000000000000000e+01 1.009999999999999964e+01
1.294999999999999929e+01 1.055000000000000071e+01
1.265000000000000036e+01 1.090000000000000036e+01
1.234999999999999964e+01 1.140000000000000036e+01
1.219999999999999929e+01 1.175000000000000000e+01
1.194999999999999929e+01 1.219999999999999929e+01
1.180000000000000071e+01 1.265000000000000036e+01
1.175000000000000000e+01 1.305000000000000071e+01
1.155000000000000071e+01 1.359999999999999964e+01
1.155000000000000071e+01 1.400000000000000000e+01
1.155000000000000071e+01 1.434999999999999964e+01
1.155000000000000071e+01 1.469999999999999929e+01
1.159999999999999964e+01 1.525000000000000000e+01
1.165000000000000036e+01 1.569999999999999929e+01
1.180000000000000071e+01 1.605000000000000071e+01
1.184999999999999964e+01 1.650000000000000000e+01
1.200000000000000000e+01 1.675000000000000000e+01
1.215000000000000036e+01 1.719999999999999929e+01
1.230000000000000071e+01 1.760000000000000142e+01
1.255000000000000071e+01 1.785000000000000142e+01
1.280000000000000071e+01 1.805000000000000071e+01
1.309999999999999964e+01 1.839999999999999858e+01
1.330000000000000071e+01 1.860000000000000142e+01
1.355000000000000071e+01 1.885000000000000142e+01
1.380000000000000071e+01 1.905000000000000071e+01
1.415000000000000036e+01 1.925000000000000000e+01
1.444999999999999929e+01 1.950000000000000000e+01
1.484999999999999964e+01 1.955000000000000071e+01
1.500000000000000000e+01 1.969999999999999929e+01
1.525000000000000000e+01 1.969999999999999929e+01
1.555000000000000071e+01 1.985000000000000142e+01
1.594999999999999929e+01 1.989999999999999858e+01
1.619999999999999929e+01 1.989999999999999858e+01
1.655000000000000071e+01 1.989999999999999858e+01
1.685000000000000142e+01 1.989999999999999858e+01
1.719999999999999929e+01 1.989999999999999858e+01
1.739999999999999858e+01 1.980000000000000071e+01
1.764999999999999858e+01 1.975000000000000000e+01
1.780000000000000071e+01 1.969999999999999929e+01
1.800000000000000000e+01 1.960000000000000142e+01
1.819999999999999929e+01 1.955000000000000071e+01
3.899999999999999911e+00 9.599999999999999645e+00
3.549999999999999822e+00 1.065000000000000036e+01
3.350000000000000089e+00 1.140000000000000036e+01
3.100000000000000089e+00 1.234999999999999964e+01
3.100000000000000089e+00 1.325000000000000000e+01
3.049999999999999822e+00 1.415000000000000036e+01
3.000000000000000000e+00 1.509999999999999964e+01
3.100000000000000089e+00 1.600000000000000000e+01
3.200000000000000178e+00 1.685000000000000142e+01
3.450000000000000178e+00 1.775000000000000000e+01
3.700000000000000178e+00 1.869999999999999929e+01
3.950000000000000178e+00 1.955000000000000071e+01
4.349999999999999645e+00 2.025000000000000000e+01
4.700000000000000178e+00 2.110000000000000142e+01
5.150000000000000355e+00 2.180000000000000071e+01
5.599999999999999645e+00 2.250000000000000000e+01
6.200000000000000178e+00 2.330000000000000071e+01
6.799999999999999822e+00 2.385000000000000142e+01
7.349999999999999645e+00 2.444999999999999929e+01
8.050000000000000711e+00 2.494999999999999929e+01
8.800000000000000711e+00 2.544999999999999929e+01
9.500000000000000000e+00 2.600000000000000000e+01
1.019999999999999929e+01 2.635000000000000142e+01
1.090000000000000036e+01 2.675000000000000000e+01
1.169999999999999929e+01 2.700000000000000000e+01
1.244999999999999929e+01 2.725000000000000000e+01
1.330000000000000071e+01 2.760000000000000142e+01
1.405000000000000071e+01 2.760000000000000142e+01
1.469999999999999929e+01 2.775000000000000000e+01
1.555000000000000071e+01 2.775000000000000000e+01
1.639999999999999858e+01 2.775000000000000000e+01
1.710000000000000142e+01 2.775000000000000000e+01
1.789999999999999858e+01 2.775000000000000000e+01
1.855000000000000071e+01 2.769999999999999929e+01
1.935000000000000142e+01 2.760000000000000142e+01
2.010000000000000142e+01 2.735000000000000142e+01
2.069999999999999929e+01 2.710000000000000142e+01
2.144999999999999929e+01 2.680000000000000071e+01
2.205000000000000071e+01 2.650000000000000000e+01
2.269999999999999929e+01 2.614999999999999858e+01
2.335000000000000142e+01 2.564999999999999858e+01
2.380000000000000071e+01 2.530000000000000071e+01
2.430000000000000071e+01 2.485000000000000142e+01
2.475000000000000000e+01 2.435000000000000142e+01
2.525000000000000000e+01 2.394999999999999929e+01
2.564999999999999858e+01 2.344999999999999929e+01
2.605000000000000071e+01 2.300000000000000000e+01
2.619999999999999929e+01 2.230000000000000071e+01
2.660000000000000142e+01 2.180000000000000071e+01
2.675000000000000000e+01 2.125000000000000000e+01
2.700000000000000000e+01 2.069999999999999929e+01
2.714999999999999858e+01 2.014999999999999858e+01
2.714999999999999858e+01 1.960000000000000142e+01
2.735000000000000142e+01 1.910000000000000142e+01
2.735000000000000142e+01 1.844999999999999929e+01
2.739999999999999858e+01 1.800000000000000000e+01
2.730000000000000071e+01 1.739999999999999858e+01
2.714999999999999858e+01 1.689999999999999858e+01
2.700000000000000000e+01 1.639999999999999858e+01
2.700000000000000000e+01 1.590000000000000036e+01
2.675000000000000000e+01 1.534999999999999964e+01
2.655000000000000071e+01 1.484999999999999964e+01
2.630000000000000071e+01 1.444999999999999929e+01
2.594999999999999929e+01 1.409999999999999964e+01
2.575000000000000000e+01 1.369999999999999929e+01
2.535000000000000142e+01 1.330000000000000071e+01
2.505000000000000071e+01 1.294999999999999929e+01
2.480000000000000071e+01 1.269999999999999929e+01
2.439999999999999858e+01 1.244999999999999929e+01
2.405000000000000071e+01 1.219999999999999929e+01
2.355000000000000071e+01 1.184999999999999964e+01
2.319999999999999929e+01 1.165000000000000036e+01
2.275000000000000000e+01 1.140000000000000036e+01
2.230000000000000071e+01 1.130000000000000071e+01
2.189999999999999858e+01 1.109999999999999964e+01
2.144999999999999929e+01 1.105000000000000071e+01
2.110000000000000142e+01 1.100000000000000000e+01
2.069999999999999929e+01 1.094999999999999929e+01
2.035000000000000142e+01 1.094999999999999929e+01
1.994999999999999929e+01 1.100000000000000000e+01
1.955000000000000071e+01 1.100000000000000000e+01
1.914999999999999858e+01 1.105000000000000071e+01
1.885000000000000142e+01 1.109999999999999964e+01
1.844999999999999929e+01 1.125000000000000000e+01
1.814999999999999858e+01 1.134999999999999964e+01
1.785000000000000142e+01 1.150000000000000000e+01
1.750000000000000000e+01 1.169999999999999929e+01
1.719999999999999929e+01 1.194999999999999929e+01
1.700000000000000000e+01 1.205000000000000071e+01
1.675000000000000000e+01 1.219999999999999929e+01
1.664999999999999858e+01 1.234999999999999964e+01
1.650000000000000000e+01 1.250000000000000000e+01
1.635000000000000142e+01 1.269999999999999929e+01
1.619999999999999929e+01 1.280000000000000071e+01
1.614999999999999858e+01 1.294999999999999929e+01
1.600000000000000000e+01 1.309999999999999964e+01
1.594999999999999929e+01 1.325000000000000000e+01
1.590000000000000036e+01 1.340000000000000036e+01
1.580000000000000071e+01 1.350000000000000000e+01
1.580000000000000071e+01 1.365000000000000036e+01
1.575000000000000000e+01 1.384999999999999964e+01
1.565000000000000036e+01 1.405000000000000071e+01
1.565000000000000036e+01 1.425000000000000000e+01
1.565000000000000036e+01 1.450000000000000000e+01
1.565000000000000036e+01 1.459999999999999964e+01
3.790000000000000036e+00 1.001999999999999957e+01
3.700000000000000178e+00 1.022000000000000064e+01
3.669999999999999929e+00 1.041000000000000014e+01
3.669999999999999929e+00 1.050999999999999979e+01
3.450000000000000178e+00 1.089000000000000057e+01
3.450000000000000178e+00 1.108000000000000007e+01
3.399999999999999911e+00 1.127999999999999936e+01
3.240000000000000213e+00 1.194999999999999929e+01
3.020000000000000018e+00 1.272000000000000064e+01
3.580000000000000071e+00 1.030000000000000071e+01
3.790000000000000036e+00 1.916000000000000014e+01
4.179999999999999716e+00 2.003000000000000114e+01
4.519999999999999574e+00 2.069999999999999929e+01
4.870000000000000107e+00 2.157000000000000028e+01
6.490000000000000213e+00 2.358999999999999986e+01
7.139999999999999680e+00 2.417000000000000171e+01
7.700000000000000178e+00 2.473999999999999844e+01
8.419999999999999929e+00 2.532000000000000028e+01
9.150000000000000355e+00 2.580000000000000071e+01
3.978999679857777583e+00 9.800533670916879103e+00
3.777387005868266368e+00 1.084224929616112121e+01
3.581971914306909532e+00 1.150399195322202139e+01
3.123168493415305669e+00 1.246339106996745905e+01
3.377330951471650522e+00 1.331364228166480679e+01
3.195523181975081339e+00 1.439138073439558951e+01
3.108279903340666284e+00 1.545961655687376179e+01
3.145959830998620088e+00 1.639807548314745844e+01
3.242253813158927578e+00 1.694032212666497017e+01
3.791906740826615163e+00 1.812559524770403030e+01
3.939347096041911467e+00 1.908409476369967450e+01
4.076147158830010220e+00 1.990202422203649490e+01
4.650724418344189814e+00 2.046780817934901364e+01
4.703748779884736386e+00 2.128098962815328221e+01
5.289238724449649709e+00 2.218148659569263259e+01
5.763409420583229803e+00 2.277977991150856951e+01
6.418557097161379232e+00 2.353631179625146430e+01
6.895775161971947398e+00 2.424057020227865067e+01
7.392662581446528769e+00 2.454588188995758458e+01
8.236183661664439271e+00 2.499903848097258674e+01
9.154098393527714705e+00 2.584708735426940507e+01
9.800093192232735007e+00 2.633095102736659854e+01
1.041062545887785795e+01 2.644042678441744343e+01
1.120980924550339530e+01 2.685536850023932587e+01
1.184417013227935733e+01 2.724721745119903105e+01
1.276139186071587872e+01 2.731730981228232835e+01
1.333887471550707460e+01 2.773704732703604847e+01
1.419552506456352248e+01 2.771411373052697513e+01
1.508539243376863581e+01 2.775400106329620087e+01
1.557573359339673225e+01 2.812084059587289175e+01
1.673753773133015699e+01 2.776318479376255155e+01
1.721118212438587491e+01 2.803803517801518552e+01
1.819795046947179884e+01 2.779746482026766330e+01
1.877440477128192597e+01 2.777963304372516617e+01
1.945610088414829519e+01 2.769177268786435420e+01
2.025146829143708871e+01 2.740292561648502812e+01
2.106185707777939342e+01 2.725691038582266046e+01
2.170199599690491254e+01 2.709132525267204983e+01
2.237913496505358424e+01 2.653326529199189210e+01
2.297977038454989085e+01 2.634443101479923044e+01
2.349142601877636238e+01 2.602105431145298198e+01
2.405848204651254107e+01 2.538796334758400519e+01
2.456342357620517802e+01 2.503592259701730782e+01
2.504165964975051395e+01 2.438418447220913166e+01
2.559627738685759724e+01 2.396235686747230531e+01
2.596305046591150045e+01 2.383047285457899278e+01
2.609756185148235375e+01 2.310426890836971836e+01
2.638119843548644639e+01 2.250787920382083485e+01
2.692800207247481126e+01 2.217699959431768519e+01
2.701392009084474211e+01 2.152838395709260411e+01
2.733653602179885667e+01 2.101457385862854466e+01
2.738925745309456161e+01 2.051536175363692749e+01
2.723314078804478910e+01 1.962765922122505913e+01
2.761928753793664271e+01 1.923904822904436429e+01
2.752515204911871294e+01 1.870232432434071512e+01
2.748779873863173862e+01 1.813043451674036532e+01
2.759539950845961798e+01 1.755748739789676449e+01
2.735191280010138115e+01 1.691738711397701067e+01
2.729320930273218693e+01 1.647294019380004926e+01
2.734136729191325443e+01 1.618276507681341769e+01
2.687306096611773398e+01 1.566354234343594776e+01
2.672182182150016772e+01 1.513567053055220057e+01
2.642494045170963801e+01 1.479237976280286126e+01
2.622079202477262783e+01 1.416567156837101571e+01
2.603253531770843310e+01 1.379935300226220996e+01
2.539908173463820873e+01 1.351771898485378998e+01
2.541272463357003630e+01 1.328308886873458050e+01
2.497205183458149236e+01 1.278418716135096034e+01
2.450783702292360289e+01 1.252049365422424643e+01
2.428368475006549332e+01 1.236611898392132680e+01
2.394335354129683324e+01 1.210641093961082859e+01
2.333448020938228851e+01 1.173024778263016898e+01
2.288743087534138709e+01 1.176666874898416459e+01
2.234885335039333754e+01 1.135336123129161123e+01
2.217203966469502063e+01 1.137328687236758462e+01
2.169844195964513034e+01 1.111519253404751950e+01
2.112648688421922927e+01 1.124716244672184118e+01
2.090546426078585540e+01 1.106089377142898300e+01
2.047954039006650362e+01 1.129036790646544119e+01
2.010883138282452265e+01 1.111601534285301085e+01
1.987228636230561918e+01 1.110926688601129797e+01
1.949865387120052773e+01 1.120513908119982815e+01
1.913265134736087703e+01 1.117743495213954574e+01
1.884436685154755153e+01 1.157503323807314821e+01
1.837481841448867215e+01 1.150584188819533971e+01
1.811486472929830072e+01 1.166102611188428817e+01
1.751202316003558224e+01 1.192731633784790191e+01
1.750940346282379778e+01 1.219380696937880693e+01
1.701509153136232300e+01 1.228149273082170190e+01
1.707107654836476129e+01 1.259552789674887663e+01
1.666132338932358792e+01 1.271351102091462515e+01
1.685508880777467056e+01 1.289314842196302457e+01
1.670878668250502841e+01 1.295478499892365676e+01
1.634903550117659421e+01 1.315014650984600841e+01
1.650145659269304588e+01 1.323150191661984643e+01
1.609727074188923623e+01 1.338755787185515267e+01
1.624934704543368369e+01 1.348530856758977414e+01
1.599494317304260704e+01 1.376406694290794341e+01
1.587383060828090819e+01 1.361033746857160409e+01
1.600162727109631078e+01 1.395569662528893318e+01
1.581740928591483808e+01 1.421562420432064044e+01
1.565829875936287863e+01 1.414273365108628155e+01
1.572954484548938403e+01 1.455753686346443132e+01
1.571515795925061099e+01 1.482370184844600480e+01
1.581832382308079055e+01 1.473683356475744866e+01
4.147040846148265736e+00 1.027070531095848160e+01
3.936522805882765930e+00 1.053387813136768436e+01
3.823789763461869828e+00 1.071799748154967347e+01
3.962679587611985355e+00 1.063332554016450970e+01
3.632866559036164844e+00 1.110753470937790688e+01
3.774401200510710819e+00 1.140671479870696814e+01
3.796151803312600936e+00 1.143481980565215039e+01
3.482775744507755622e+00 1.200307785239292535e+01
3.406113286174247801e+00 1.311750898351543704e+01
3.667284554705731114e+00 1.046715705063475710e+01
3.966595959150054806e+00 1.921296644960861499e+01
4.510951709235858864e+00 2.027064061271480000e+01
4.799045021573291159e+00 2.074904891550369257e+01
5.104261919515414192e+00 2.157039501419009753e+01
6.567455199114720976e+00 2.368695961593684629e+01
7.379560166033090063e+00 2.417137439803864751e+01
7.848112929076386024e+00 2.496809513464845054e+01
8.562700348001358819e+00 2.560842666210439589e+01
9.379955416835946025e+00 2.610565841700132239e+01
